500	3925	
369	432	39
263	425	55
301	348	45
74	464	19
117	447	78
123	336	7
117	120	7
142	265	6
37	105	11
289	409	63
48	438	21
214	426	7
74	143	36
120	131	70
306	372	96
137	289	21
332	381	26
154	393	57
198	339	31
297	315	70
204	296	23
220	324	48
212	374	100
23	467	61
192	197	74
31	172	72
8	411	88
244	328	89
185	385	14
103	134	98
48	293	58
123	212	14
222	488	63
292	496	69
214	332	45
205	211	83
97	414	82
50	335	78
369	431	68
381	499	21
71	96	94
371	403	70
94	218	59
254	281	37
106	285	68
49	469	39
136	138	81
22	82	98
131	133	98
34	429	91
70	339	61
127	225	13
238	414	15
103	107	74
373	432	49
324	498	21
88	315	97
93	254	41
76	310	40
10	403	84
495	496	12
162	317	55
326	479	88
269	451	30
236	347	96
110	323	91
137	275	16
83	139	21
111	255	40
372	500	81
116	436	22
406	421	57
4	190	83
179	262	16
65	279	94
71	215	2
44	176	72
319	428	99
14	175	80
256	267	93
24	322	54
341	470	32
426	437	98
227	380	4
100	329	28
46	146	57
253	481	9
266	446	55
60	304	45
352	395	81
370	438	97
93	227	91
258	348	69
40	227	27
300	462	92
7	115	100
107	438	78
25	382	1
221	365	86
217	336	54
131	179	79
109	427	36
214	413	3
19	72	59
292	310	40
225	469	9
403	485	59
416	445	46
51	181	37
294	440	73
239	444	82
30	115	39
5	202	82
45	98	42
75	191	59
78	269	99
54	379	73
357	414	9
368	409	79
282	314	87
7	433	9
220	258	69
384	403	36
118	322	37
130	164	63
332	477	57
235	481	25
30	194	98
99	488	56
168	479	58
434	453	60
104	248	23
171	357	73
18	326	84
106	174	50
182	249	45
150	170	24
14	212	91
246	449	79
331	391	6
30	51	68
216	489	7
41	412	43
228	354	82
93	193	9
37	386	49
96	278	3
261	396	83
4	61	77
61	409	97
266	348	6
86	386	11
198	321	16
251	500	35
292	484	59
220	261	42
253	428	1
47	157	29
322	490	43
146	257	4
46	120	95
118	125	4
334	340	8
78	323	2
112	356	69
428	460	17
435	500	59
404	492	40
120	193	14
272	377	64
92	251	36
194	271	88
233	454	75
213	311	19
55	472	88
386	495	93
39	297	84
188	294	13
33	43	17
284	392	43
218	500	12
158	261	99
311	323	76
321	400	89
86	214	89
460	493	56
124	438	4
23	403	38
144	458	72
83	163	41
185	451	40
83	271	73
203	444	79
113	277	33
182	411	65
90	335	23
129	419	21
17	307	79
107	301	41
288	354	30
78	351	1
26	459	43
324	441	57
44	295	3
260	490	34
69	274	67
138	376	31
180	329	78
185	196	32
189	448	20
248	319	85
186	348	18
322	411	79
216	248	100
11	408	30
9	424	40
136	431	77
127	442	82
321	440	45
458	469	68
96	336	41
48	49	58
50	102	78
348	457	82
18	74	44
144	339	41
92	265	55
237	482	90
390	468	82
191	445	42
458	488	95
172	401	7
146	204	1
241	469	43
169	173	29
106	454	81
330	401	19
141	382	34
16	282	68
9	307	33
112	430	11
112	278	89
264	473	5
93	372	56
230	353	74
18	419	64
26	357	15
73	499	55
312	318	28
196	276	100
210	241	79
326	341	84
15	80	11
205	373	57
290	426	61
87	408	87
33	297	42
79	442	90
6	450	100
73	139	90
142	224	20
189	261	6
201	452	14
313	403	98
165	313	63
197	410	63
249	343	18
161	408	97
241	269	37
30	325	41
2	338	79
93	414	37
310	387	21
122	346	83
36	483	2
157	284	52
132	238	35
105	485	82
42	332	1
312	379	86
11	14	52
347	378	28
402	450	40
287	478	15
175	190	82
88	249	61
7	300	86
185	238	65
170	226	29
252	290	56
384	486	97
220	421	92
314	381	59
113	423	20
73	273	99
74	300	34
284	447	94
45	252	61
37	154	55
87	365	46
394	481	58
276	378	58
16	248	29
202	238	21
179	297	10
65	85	36
68	177	94
64	242	87
231	262	3
456	476	12
300	404	33
83	226	92
12	63	3
7	22	92
423	432	51
224	353	95
102	353	28
150	458	92
118	258	41
23	398	36
18	168	82
358	467	88
127	145	30
12	372	51
112	361	63
149	300	95
298	460	29
266	415	57
15	343	10
175	344	80
66	244	96
1	33	83
90	194	59
465	474	96
269	326	66
401	424	8
147	482	67
206	308	6
6	241	94
103	274	27
29	496	79
122	193	13
11	497	96
18	484	78
264	305	12
174	446	42
292	349	29
308	392	9
417	463	14
94	114	13
28	241	12
197	215	88
294	421	5
146	307	82
176	240	30
50	345	7
174	288	80
140	194	18
33	241	14
71	157	83
295	429	67
189	479	1
30	117	61
290	315	59
103	390	25
306	365	54
111	395	46
257	350	63
103	392	73
87	153	25
242	467	69
227	474	33
434	490	80
188	207	39
81	94	24
64	395	92
423	465	92
259	406	23
244	468	68
284	350	63
239	476	44
251	430	38
3	128	2
18	469	45
214	261	75
72	337	1
95	429	95
200	389	42
10	441	49
146	449	9
321	472	20
329	390	5
29	109	95
210	447	6
323	354	19
294	328	7
374	406	1
272	281	13
16	122	95
29	119	34
223	491	99
330	441	79
30	446	18
48	364	27
131	439	89
228	248	19
411	437	19
50	446	68
279	379	67
20	417	46
19	213	58
382	456	66
95	230	92
47	238	75
27	384	25
50	89	75
385	498	33
385	469	7
224	333	9
104	148	54
132	194	87
12	356	56
59	251	64
84	166	41
299	432	31
383	401	5
386	462	57
192	328	94
242	439	45
22	339	14
199	304	38
122	424	13
72	388	98
267	489	67
359	368	9
168	335	31
367	376	89
390	461	66
375	477	31
32	289	19
256	377	94
169	266	78
10	398	65
39	205	11
219	280	10
178	427	19
64	156	67
44	169	2
161	451	89
194	355	28
350	478	16
103	429	46
74	462	26
220	300	11
240	380	89
349	372	78
71	105	40
40	274	16
87	499	24
34	182	53
87	355	22
34	176	96
31	368	26
98	228	22
396	464	98
81	455	28
88	97	74
213	358	85
100	197	36
85	203	71
172	322	27
273	360	71
94	172	53
243	409	75
116	343	96
32	93	81
316	354	19
180	219	59
271	321	11
258	457	24
164	263	43
194	454	37
167	365	67
198	240	42
52	439	6
49	237	55
67	212	60
76	399	31
134	257	38
251	496	31
100	431	66
65	184	29
12	28	80
112	438	15
318	367	46
29	474	4
97	496	68
22	354	48
61	482	14
130	220	69
186	318	54
180	207	24
253	455	77
255	275	39
144	314	12
186	303	41
101	241	13
12	178	3
210	368	94
13	213	45
179	488	94
213	412	89
200	248	10
39	354	88
64	250	46
310	411	52
248	408	26
171	207	74
33	207	45
137	242	60
257	340	43
385	458	76
78	175	73
6	149	25
195	271	64
40	76	19
119	328	78
213	364	19
57	260	98
108	479	30
142	152	79
193	431	43
51	229	58
105	314	47
424	443	86
276	343	64
39	496	43
165	426	100
9	313	24
156	381	41
193	307	76
80	361	26
155	358	64
10	311	9
378	465	81
19	167	41
99	121	29
103	282	88
198	253	100
156	268	35
22	303	7
81	499	55
375	471	16
157	204	27
197	225	73
201	241	33
257	346	75
40	487	85
178	471	78
272	478	62
50	140	29
251	468	71
303	307	92
254	497	51
136	340	65
396	448	84
4	427	18
7	229	88
100	484	65
441	474	43
135	432	70
37	120	66
243	276	39
1	24	36
95	261	73
223	388	86
112	244	33
20	402	16
158	405	56
44	143	50
49	269	40
54	154	9
71	449	23
45	240	6
79	102	40
93	275	20
349	476	89
26	73	80
44	273	31
427	464	84
41	348	70
24	248	13
142	314	13
94	247	89
322	455	2
124	233	53
288	368	2
289	408	80
182	390	18
128	235	68
223	457	84
71	281	88
200	355	17
120	325	10
180	280	82
148	271	72
34	175	75
9	140	93
362	364	19
69	211	10
45	478	25
61	265	61
72	118	35
408	493	31
333	466	75
310	324	39
128	246	44
31	211	70
110	346	4
82	263	94
408	483	6
182	488	30
352	441	22
107	458	23
12	47	87
103	152	28
68	227	6
4	350	82
120	273	86
97	372	51
307	341	16
313	359	89
363	492	64
41	473	53
34	160	32
418	430	44
188	385	87
42	59	70
144	169	81
358	486	66
416	493	86
18	159	32
248	355	1
316	418	57
150	476	44
61	269	84
67	81	71
2	23	99
82	321	52
124	487	35
426	429	10
325	430	99
60	424	85
176	354	20
263	466	54
190	376	34
187	226	45
59	93	69
302	415	86
141	456	19
58	346	75
426	433	2
179	236	86
62	395	4
65	391	12
7	33	59
93	182	29
124	131	38
278	279	55
151	155	93
205	251	9
169	222	1
127	176	39
161	330	50
236	289	58
52	186	70
1	257	82
60	485	28
274	279	78
87	193	13
6	108	39
108	498	63
225	424	42
38	311	21
269	297	84
184	242	33
305	316	42
388	496	12
61	437	44
7	358	2
241	314	54
323	347	16
7	391	40
298	305	44
178	327	17
165	470	68
213	403	70
53	157	59
80	227	40
220	403	90
274	346	76
48	127	63
352	470	59
170	281	89
132	484	25
5	17	12
379	457	51
228	319	23
429	495	43
288	434	52
116	267	22
211	381	21
123	464	94
178	244	18
227	361	89
108	201	25
43	289	62
84	102	87
102	360	75
349	380	48
350	471	100
230	386	50
305	362	14
346	381	95
109	119	39
23	88	47
301	303	45
472	473	28
310	396	41
53	377	53
453	454	50
282	338	54
157	202	9
274	364	7
475	494	82
214	407	82
78	370	56
194	420	55
199	354	20
33	265	88
75	172	11
145	294	87
90	104	90
264	427	16
106	405	17
142	469	10
289	326	59
361	498	20
106	350	51
99	136	49
74	490	62
142	428	91
58	341	85
212	253	40
389	390	39
200	327	83
49	168	28
124	173	73
21	486	32
19	184	18
228	407	69
160	357	80
112	316	28
26	416	58
264	317	11
212	319	32
218	471	90
271	499	14
166	302	25
353	459	89
16	78	57
375	478	51
46	193	18
28	358	87
353	413	25
139	463	81
65	500	36
336	362	51
252	496	25
80	333	25
144	362	38
228	235	38
276	478	62
119	174	50
391	408	54
183	359	37
24	418	62
116	227	58
28	416	73
66	346	62
278	298	29
38	359	71
435	475	86
92	314	25
53	374	38
22	266	9
87	471	28
234	346	86
187	420	68
417	475	44
121	209	62
337	351	54
302	333	81
240	449	85
259	393	41
72	323	27
367	418	13
180	235	12
345	391	85
21	220	50
207	424	85
52	140	74
258	426	7
393	424	19
46	140	36
272	497	34
209	222	16
432	472	90
135	186	7
118	287	36
74	185	6
67	235	95
66	83	58
122	311	89
25	208	16
96	479	55
75	249	42
222	352	35
31	415	86
371	478	97
77	141	86
158	211	17
272	409	8
174	362	84
200	492	95
104	308	16
82	317	64
161	449	59
114	164	43
98	367	74
69	250	64
197	350	34
14	193	52
73	187	39
45	56	9
99	395	57
77	270	68
335	428	15
373	492	67
191	275	10
348	482	99
175	310	4
320	480	28
164	226	87
40	378	87
3	11	16
289	372	49
273	445	37
109	428	9
197	320	37
47	58	3
275	343	15
109	202	32
55	460	71
163	424	20
16	68	51
61	498	26
43	408	4
408	409	84
91	457	36
274	484	32
357	383	10
16	213	63
186	248	4
177	347	80
330	388	25
328	436	4
337	489	47
293	386	65
206	236	14
232	374	64
72	444	79
34	357	49
202	273	36
62	306	98
196	406	74
174	271	25
74	78	7
249	277	26
38	107	10
412	488	26
76	85	16
14	83	14
191	470	66
316	403	81
28	470	40
85	291	19
104	311	80
417	426	77
324	414	17
49	126	56
216	343	96
70	354	88
109	284	2
392	476	45
61	169	45
239	280	27
140	427	51
287	475	61
333	398	55
114	308	3
121	138	37
41	445	38
125	362	47
170	428	34
246	456	55
413	448	87
401	467	26
122	164	51
76	277	43
31	397	50
74	112	23
225	356	23
299	301	7
298	496	7
234	478	91
117	193	86
5	95	88
49	468	43
390	431	92
223	262	68
69	340	50
3	150	1
240	302	18
413	434	81
173	498	37
67	356	45
37	179	92
368	462	64
146	274	18
19	345	8
285	444	66
165	201	45
180	339	83
336	383	34
132	489	46
124	203	58
372	485	88
62	258	44
224	308	98
383	442	68
323	397	67
321	394	55
100	265	75
33	469	52
48	148	8
203	301	77
56	361	34
367	486	42
84	279	40
100	415	77
325	329	23
238	328	84
33	156	78
138	473	47
205	338	83
51	423	91
215	465	61
266	390	72
43	291	21
332	398	9
162	419	99
150	423	4
308	335	48
412	435	1
257	451	92
68	254	46
26	242	98
133	378	91
223	423	33
16	240	18
96	98	68
221	430	30
194	360	59
170	476	85
230	241	13
220	381	22
235	363	42
56	79	27
462	494	91
120	291	8
43	393	74
236	389	17
84	91	75
116	205	37
236	278	78
215	442	43
375	409	73
15	274	16
63	348	35
229	374	16
42	448	89
201	329	52
322	472	25
365	381	84
395	424	51
76	476	96
365	389	25
272	397	12
68	361	63
351	390	82
76	308	23
161	180	90
100	492	41
73	257	91
2	363	84
190	489	36
340	394	4
7	286	32
353	489	98
171	254	53
75	152	80
280	433	91
291	443	6
132	429	65
264	478	70
123	196	60
455	456	43
7	54	67
352	472	53
258	379	90
200	351	29
25	50	11
89	108	58
11	414	83
12	295	77
120	149	86
54	161	54
377	385	96
12	266	24
209	489	37
109	392	9
42	48	2
221	344	40
132	443	23
203	487	83
391	416	53
31	134	8
362	423	9
218	241	26
72	84	67
226	310	25
154	185	67
132	458	77
175	356	32
251	384	91
440	473	97
364	398	86
66	306	69
70	408	14
24	379	82
120	121	92
155	319	10
95	356	85
420	424	11
271	295	91
212	426	48
94	110	1
400	434	4
145	469	64
463	473	1
51	442	75
382	497	70
57	426	14
31	442	23
202	260	5
316	352	93
418	435	9
373	392	14
15	59	55
38	419	60
217	291	44
125	369	34
182	479	75
156	399	73
2	24	1
17	51	48
318	373	3
158	317	7
196	401	86
108	306	75
31	113	9
18	396	48
18	124	65
318	394	15
234	476	88
238	340	31
129	240	83
74	169	9
197	298	45
12	330	5
216	442	88
272	348	15
22	489	39
336	393	71
216	453	6
182	289	46
171	440	56
184	295	24
45	409	15
43	452	47
6	269	37
9	151	91
122	322	33
211	485	100
165	197	79
202	470	9
150	419	64
18	444	94
183	378	84
247	489	18
9	295	65
176	313	71
147	357	47
10	282	57
171	392	34
306	433	83
120	349	11
113	216	28
146	384	33
25	163	11
79	247	94
183	414	56
83	287	37
300	433	91
78	143	81
309	357	55
60	327	46
198	290	75
8	394	1
373	469	46
34	322	56
211	442	17
89	121	83
25	240	3
13	198	18
119	161	53
208	234	75
48	138	35
252	299	35
221	250	56
361	484	38
3	445	86
204	422	42
39	208	93
31	101	61
449	485	41
75	212	96
57	380	16
44	364	42
130	134	11
296	451	15
49	329	28
105	484	2
317	366	77
66	249	54
343	396	88
397	461	40
231	259	7
336	340	97
143	231	25
71	75	18
153	230	70
96	456	46
4	182	79
12	104	38
88	417	84
242	365	68
189	393	89
352	489	32
14	386	86
26	65	15
216	432	91
133	467	73
91	232	96
189	263	96
225	264	93
149	308	71
105	155	1
90	144	47
305	360	72
102	139	3
97	494	33
414	468	97
52	157	48
268	441	47
75	280	89
166	337	70
412	421	19
322	496	48
93	305	48
258	492	32
134	244	81
119	382	40
242	335	61
238	469	39
75	197	5
299	474	41
162	179	38
471	492	43
41	481	13
72	361	21
19	387	40
228	252	52
95	322	65
107	113	76
41	424	10
110	197	94
63	413	43
108	376	68
84	89	45
218	301	1
268	283	92
24	155	14
125	421	21
421	443	54
354	391	56
206	239	45
217	483	93
412	464	98
186	258	90
300	499	77
382	492	10
216	421	84
154	362	61
232	450	95
290	341	20
148	177	52
52	468	56
98	495	44
131	498	75
136	304	70
37	164	2
163	330	79
165	490	30
191	268	19
348	429	53
421	471	92
27	97	32
86	134	35
63	223	100
209	293	25
10	100	31
119	499	77
197	257	60
256	469	75
134	222	73
199	338	71
65	194	82
240	371	98
11	133	73
252	296	4
269	302	23
7	453	7
435	463	82
384	475	66
260	474	94
43	212	30
155	495	51
362	371	42
28	291	2
73	137	54
83	473	21
126	270	95
172	497	17
20	387	82
53	349	31
4	347	95
20	200	37
5	243	67
143	249	34
87	486	76
157	480	56
254	433	2
201	409	75
15	295	4
449	466	9
75	117	82
271	303	51
64	87	21
357	473	75
356	418	35
3	451	16
420	493	1
201	406	62
315	496	22
81	219	79
211	325	81
88	332	29
125	470	60
312	462	8
290	382	1
15	169	54
333	393	53
195	469	10
257	430	87
213	257	81
9	145	92
267	490	96
319	346	33
124	375	63
75	156	82
182	225	26
305	407	75
338	380	39
244	492	12
176	277	8
55	363	78
301	447	85
131	452	3
245	482	25
174	217	99
293	310	83
353	369	56
35	96	49
57	160	79
271	481	68
192	473	28
179	296	46
182	336	73
32	179	20
132	213	80
110	117	27
311	469	70
312	401	56
4	198	30
253	379	53
42	485	48
284	382	61
104	144	88
159	304	80
16	251	14
11	97	61
13	230	81
169	354	40
70	161	16
262	325	13
407	430	97
337	464	81
130	219	91
23	224	80
238	419	55
213	324	47
329	482	4
115	296	68
36	301	93
163	285	94
13	215	63
387	447	67
39	82	22
130	161	40
165	489	85
189	447	81
34	64	87
30	229	16
28	134	83
128	135	7
73	387	31
283	373	86
393	492	52
290	439	58
47	265	6
45	57	36
29	295	97
234	267	96
27	106	24
180	238	76
61	272	48
23	417	87
12	353	74
28	342	67
80	459	52
8	79	19
201	495	94
168	234	99
222	369	19
473	494	17
355	460	67
238	286	81
170	401	94
31	275	84
119	233	77
249	462	18
2	462	22
20	130	6
74	400	61
38	342	2
29	243	4
241	363	89
284	463	84
22	256	80
158	442	4
99	444	18
16	25	100
157	278	58
35	283	30
346	393	21
165	363	11
75	173	40
23	74	28
39	364	2
26	288	16
61	84	3
243	458	73
65	287	79
112	404	94
254	439	25
137	292	5
169	172	83
299	402	32
47	299	31
184	369	82
6	45	34
265	334	66
384	426	25
49	203	86
302	496	44
99	291	50
22	414	57
159	200	59
74	428	7
441	492	63
353	457	5
73	250	6
29	321	63
165	344	80
402	413	81
51	222	22
66	164	48
128	343	26
120	476	19
370	375	51
35	456	73
256	487	9
279	404	1
104	473	66
37	495	32
131	269	60
174	230	20
188	409	75
332	393	62
371	432	23
81	436	58
84	414	15
172	400	75
379	462	15
149	415	44
293	477	15
100	361	50
22	370	19
275	407	18
209	332	32
38	351	92
207	488	36
427	443	98
445	483	72
158	171	98
39	311	35
3	458	90
58	302	65
42	243	18
80	406	38
233	283	56
327	356	16
189	439	21
28	45	68
46	448	72
486	490	98
48	363	34
108	445	47
160	174	70
231	470	7
50	416	5
405	467	12
134	428	13
137	271	53
293	320	52
82	282	97
377	489	17
73	481	32
65	271	68
312	459	91
193	387	88
155	425	55
15	19	67
325	406	90
63	359	99
109	143	85
125	380	43
306	467	61
77	230	28
334	483	53
89	294	42
168	233	84
296	480	83
325	368	41
393	412	98
66	334	26
356	446	28
110	319	16
218	371	26
154	235	63
209	330	67
87	122	40
181	200	95
208	334	39
24	368	8
249	487	99
47	353	34
73	347	11
86	379	64
62	69	80
172	458	99
258	277	58
26	464	42
34	497	76
180	226	24
38	226	100
170	383	92
204	377	61
203	298	100
325	409	57
60	404	91
180	261	36
34	119	87
56	423	44
248	314	81
92	406	59
450	471	59
304	388	57
338	376	54
215	450	40
395	457	6
210	318	76
295	456	2
114	469	44
82	346	74
178	387	47
2	98	79
115	150	28
12	418	90
26	229	58
446	461	1
162	199	68
7	172	7
406	416	99
25	341	26
55	422	27
72	463	96
397	499	93
136	483	82
403	442	70
4	199	54
115	456	56
74	223	32
133	324	48
357	399	45
402	420	88
457	490	49
285	481	87
49	393	34
107	139	62
197	445	33
325	443	77
379	494	82
75	391	72
38	413	4
190	409	58
373	407	46
25	30	34
425	476	5
159	334	45
12	215	12
118	419	71
259	349	5
458	464	66
206	240	99
29	232	65
121	172	14
89	138	56
71	172	91
222	397	43
414	424	12
366	384	38
19	166	85
289	435	84
303	436	17
191	209	47
107	482	98
52	319	45
197	392	39
278	319	87
164	179	57
289	336	53
145	228	73
40	333	20
333	487	47
284	448	66
233	265	23
96	415	41
268	417	46
145	400	80
129	455	100
480	490	82
142	269	21
113	213	84
68	195	83
129	132	71
405	437	37
231	356	54
340	494	82
52	480	41
287	305	8
301	476	76
155	359	39
143	500	9
106	419	31
385	400	15
371	438	41
27	361	55
30	173	2
21	405	4
97	449	99
57	289	2
179	500	86
436	499	60
163	200	56
123	263	40
85	179	97
263	356	62
231	250	81
211	313	59
43	253	100
233	404	37
109	205	67
103	119	6
30	145	39
172	426	16
28	490	62
114	316	24
288	430	73
346	419	76
166	252	22
288	376	88
461	490	91
217	488	31
144	281	5
119	436	17
30	233	56
106	182	41
100	424	38
206	344	70
133	382	31
259	345	54
438	445	67
24	446	75
228	463	2
287	348	18
284	304	80
25	58	25
58	415	66
89	398	38
253	412	67
80	179	66
128	446	29
248	427	16
107	350	70
152	296	51
166	391	95
242	470	61
80	242	34
298	427	41
58	264	49
222	310	46
214	282	75
112	407	69
47	114	17
90	434	92
32	161	77
82	244	96
39	63	56
70	455	70
69	159	33
451	473	59
60	350	61
224	255	29
71	335	39
80	332	12
67	288	28
125	168	94
285	310	51
46	288	20
217	430	70
301	437	92
113	292	29
225	444	22
329	494	50
266	464	88
40	78	98
130	412	9
56	228	49
157	195	60
126	254	89
181	493	72
259	383	31
295	298	95
95	320	55
351	444	39
89	126	32
66	488	34
245	499	96
51	75	2
101	348	76
299	365	6
338	482	93
52	70	29
440	494	63
382	494	48
204	387	77
172	240	58
38	291	82
410	438	3
42	164	68
27	394	69
149	401	17
41	485	29
103	174	92
198	480	95
258	354	89
374	430	5
201	437	78
172	500	90
18	336	92
181	321	46
34	342	90
109	390	80
141	371	30
78	147	19
243	364	57
233	315	76
25	139	64
91	174	80
298	351	46
35	247	6
56	211	61
362	436	16
30	274	96
380	449	18
3	213	29
273	395	92
7	373	70
330	462	12
187	442	91
291	448	21
35	446	46
207	462	29
13	163	93
68	214	56
227	478	19
170	241	51
227	289	38
33	174	37
218	438	19
304	462	25
261	479	28
73	248	91
127	173	25
136	371	60
264	346	22
122	351	29
81	356	74
373	484	49
149	474	19
131	171	34
181	295	14
5	129	88
101	207	45
143	214	22
71	109	91
350	479	61
297	419	78
256	261	16
178	451	98
157	254	60
194	448	64
119	375	98
49	421	54
53	234	86
79	197	72
30	239	65
311	338	11
242	250	45
103	276	46
274	491	93
41	394	6
361	463	73
151	173	29
27	320	88
217	234	62
14	267	23
19	35	21
83	489	22
1	472	67
95	299	79
106	447	16
352	497	48
16	29	46
51	401	59
137	387	1
118	315	2
126	269	81
194	390	2
253	487	1
470	485	38
275	439	39
133	278	62
4	231	10
142	282	76
132	166	24
57	78	74
177	396	8
194	242	35
44	453	25
260	453	55
186	481	30
187	404	3
74	236	81
71	140	99
358	396	55
180	251	63
92	434	9
131	252	30
395	409	11
431	479	2
16	413	74
82	178	46
224	348	5
389	445	82
154	270	2
99	378	57
108	178	66
37	188	89
273	283	29
265	427	94
180	266	44
317	388	1
481	499	34
340	437	6
305	380	58
118	495	46
25	195	86
4	314	25
117	183	7
125	410	81
53	172	66
226	319	31
309	470	22
145	204	60
9	432	66
137	259	73
333	369	30
276	327	19
69	310	2
378	445	43
256	450	83
196	404	22
227	453	92
220	367	48
195	397	27
11	367	32
112	123	91
78	228	35
205	334	81
57	403	4
324	419	98
219	401	59
132	267	55
457	482	87
36	408	81
89	243	32
333	442	21
169	453	7
117	402	39
114	399	55
301	440	6
114	319	49
246	358	80
336	469	17
207	224	27
109	239	53
247	388	98
226	408	1
102	300	59
310	487	34
71	181	84
146	366	58
114	291	72
177	441	78
145	215	4
175	305	46
376	474	88
276	284	15
428	462	46
119	202	47
35	230	63
128	374	58
37	348	65
134	265	15
335	447	50
259	469	43
254	333	75
72	443	5
316	407	4
89	316	47
103	499	76
205	427	5
205	476	12
205	384	18
201	346	82
275	384	61
35	196	7
198	331	36
86	361	58
99	219	60
41	130	15
87	204	52
70	214	83
188	339	49
425	464	23
281	285	15
15	133	53
210	322	47
148	321	4
94	159	57
93	479	68
100	132	57
127	189	85
39	289	64
112	302	31
233	446	13
356	489	7
407	429	70
235	245	2
267	430	90
146	386	55
206	242	29
87	131	19
84	345	20
44	307	2
25	119	68
278	442	43
379	477	34
367	453	51
315	355	84
201	293	24
122	444	6
157	446	15
300	427	5
66	483	30
179	450	9
4	31	76
2	469	75
6	9	98
34	332	54
196	250	6
90	244	98
95	211	79
78	316	68
242	290	78
304	307	21
59	126	79
140	454	77
49	51	40
150	169	54
129	153	87
223	484	69
381	481	63
109	382	72
128	477	3
29	251	25
360	480	99
194	213	22
222	351	44
409	446	2
308	352	33
171	219	79
96	360	24
212	442	11
45	135	27
255	359	30
57	330	78
174	453	51
393	480	1
186	405	8
270	334	87
328	367	20
176	420	74
217	326	65
234	409	62
255	392	28
443	470	84
204	307	36
300	460	73
408	476	87
358	395	38
234	316	93
92	433	23
108	463	13
105	382	20
83	345	18
36	91	54
96	382	73
264	355	76
378	485	73
244	495	30
333	478	55
110	376	30
182	254	85
10	389	95
223	337	6
14	474	20
109	463	69
90	428	6
369	413	83
128	176	42
280	385	79
246	464	78
135	143	96
183	293	92
27	195	62
237	479	94
61	361	37
94	439	30
292	475	73
203	331	56
133	418	69
199	497	26
178	331	29
15	58	3
407	414	66
237	296	58
94	103	82
348	485	23
280	485	41
226	339	4
410	412	11
155	469	75
228	472	68
154	195	27
120	219	100
4	141	17
121	230	96
81	124	11
379	442	63
46	125	15
379	412	21
13	231	21
140	208	69
144	489	21
10	487	11
45	85	8
162	274	64
32	124	7
191	382	57
17	86	69
37	176	17
54	457	61
333	399	10
216	466	58
145	330	77
286	448	8
305	310	83
195	405	77
22	432	44
286	490	34
38	195	39
5	11	98
307	489	44
209	464	96
46	184	9
158	160	36
379	441	15
123	239	67
270	300	71
120	134	47
355	378	100
253	306	16
271	439	33
81	318	95
414	445	15
75	324	59
422	441	4
1	363	98
55	440	43
329	336	74
57	212	54
30	42	78
379	386	79
182	223	69
176	383	52
180	417	41
63	477	81
163	377	64
59	298	62
141	306	41
166	205	17
22	148	38
89	288	23
33	226	19
306	341	28
116	172	68
332	463	85
329	404	95
374	487	55
2	124	76
121	409	19
302	327	18
27	268	4
327	352	98
318	452	20
10	136	13
82	499	69
368	489	4
390	438	45
331	446	49
69	111	69
50	496	18
193	207	66
403	411	97
458	471	84
158	359	57
121	321	75
73	386	76
215	444	12
97	184	54
90	242	97
312	381	2
32	309	85
69	430	60
201	388	5
22	346	86
374	448	27
104	319	32
253	430	35
411	468	48
125	497	44
225	409	19
113	340	90
44	199	87
244	247	61
95	435	86
216	355	78
193	362	100
75	76	64
155	182	41
277	371	67
239	478	55
131	195	6
286	347	80
203	211	95
117	225	89
199	284	82
26	338	71
222	374	64
150	416	82
118	204	19
122	442	65
8	304	67
254	413	50
59	329	62
197	294	42
101	333	48
121	126	29
50	54	4
268	319	97
313	356	33
71	351	51
194	245	87
450	456	100
227	250	9
168	422	63
244	318	6
389	465	16
86	263	11
141	462	37
208	320	43
29	348	75
31	129	19
138	340	34
182	431	58
120	321	89
209	444	13
111	351	89
297	345	27
99	284	49
209	471	75
145	438	36
1	427	42
1	56	32
404	446	43
20	141	50
58	128	33
33	225	88
184	245	36
289	438	23
120	140	27
135	210	18
293	496	17
315	340	3
296	301	29
135	481	47
14	359	70
276	465	100
16	340	78
281	339	4
198	488	16
46	372	92
122	305	59
54	474	92
250	305	82
426	497	25
13	405	87
367	387	24
275	365	97
65	362	57
9	388	82
61	309	44
180	246	59
86	445	33
320	368	21
132	359	13
253	500	80
239	257	42
278	470	86
293	443	90
194	336	2
89	229	58
272	299	74
53	352	55
126	445	78
101	336	86
9	235	25
71	413	74
115	264	23
106	466	82
27	418	92
410	416	53
161	332	33
25	219	31
382	496	37
346	492	84
175	291	9
318	439	74
108	148	58
365	369	95
203	404	22
119	259	45
385	404	82
267	495	30
75	81	55
24	254	8
148	340	52
84	219	40
119	223	44
330	429	59
286	342	50
83	392	29
320	441	81
7	253	29
2	21	89
48	484	7
28	238	36
4	67	70
123	327	30
274	350	84
196	258	37
49	86	51
75	107	97
132	172	20
62	398	34
364	479	79
282	348	3
296	331	45
102	275	58
216	406	52
265	351	77
46	423	78
173	311	43
24	380	35
69	405	11
55	444	58
149	302	46
9	169	56
72	309	29
427	451	95
212	216	34
235	316	76
64	198	37
70	468	13
7	150	5
200	284	98
57	388	3
298	413	36
118	463	19
91	327	92
45	480	97
44	261	63
1	383	62
93	250	68
149	198	20
100	102	46
342	391	99
27	40	3
104	469	36
313	345	57
16	203	23
310	463	57
214	240	6
39	425	96
93	190	29
244	322	86
309	411	12
130	352	97
132	164	4
175	319	100
252	279	30
87	421	59
88	409	35
142	475	95
224	489	20
129	220	68
271	497	80
159	249	84
114	324	88
74	267	56
273	499	83
153	392	48
19	461	100
229	469	84
386	469	76
234	344	39
307	393	89
236	373	71
65	70	67
22	396	83
267	329	64
297	340	22
309	460	68
315	419	1
166	226	45
307	348	74
62	273	38
249	451	24
281	348	23
166	209	1
152	324	45
159	179	33
435	477	99
25	370	93
149	261	33
3	399	20
157	178	57
159	250	71
33	199	6
425	471	71
81	136	54
68	73	77
100	193	94
32	168	20
271	291	27
223	345	98
133	479	40
87	299	38
259	486	4
58	459	33
19	211	94
28	354	81
233	236	70
376	422	29
359	410	28
39	302	86
295	319	50
240	435	99
299	364	39
91	194	16
273	323	91
117	268	95
148	480	65
65	467	74
23	476	55
145	431	7
151	453	50
387	417	64
29	256	68
199	241	87
139	186	61
212	215	30
74	252	87
280	474	41
124	402	93
244	500	80
427	461	17
385	466	16
192	213	93
206	435	97
371	490	76
205	419	49
199	482	90
13	160	84
138	159	16
23	184	11
188	309	15
218	356	31
356	390	37
1	157	6
48	246	26
165	261	63
401	484	29
37	343	61
161	425	80
46	363	81
262	439	23
338	343	99
280	313	75
119	337	1
396	423	93
137	410	21
206	336	36
127	319	80
166	438	37
87	213	48
44	466	31
280	458	99
7	62	60
254	258	92
125	327	21
329	426	88
185	438	62
148	416	42
158	389	87
12	440	4
220	468	95
109	456	55
58	337	16
449	483	56
332	360	24
231	481	28
22	192	31
376	484	40
253	364	16
103	332	1
199	311	47
5	160	27
221	238	16
156	195	70
168	372	75
194	236	50
127	146	85
339	397	94
147	319	97
194	237	5
30	395	63
123	486	73
172	235	82
126	347	32
436	470	69
106	468	5
140	188	75
232	342	43
182	190	19
115	163	12
255	366	76
26	463	33
49	296	91
193	377	76
4	422	86
148	350	45
64	425	61
25	356	27
429	486	77
301	337	10
247	386	14
317	331	15
376	423	54
261	297	6
14	137	18
193	313	33
187	385	74
1	342	40
264	301	71
308	467	89
138	460	90
191	290	18
84	239	71
205	483	46
48	390	15
47	489	36
247	344	94
330	350	29
138	441	42
9	90	27
16	114	24
323	352	31
12	414	66
269	310	40
174	209	89
378	384	86
15	323	56
120	138	28
135	184	98
206	229	58
164	245	16
51	61	8
204	282	43
22	355	68
241	397	4
343	490	8
134	491	56
111	160	69
218	416	78
307	483	89
435	495	62
220	235	96
17	205	57
57	128	8
76	83	73
203	426	57
7	215	5
289	306	90
57	488	73
84	182	22
37	200	38
376	472	28
186	442	41
53	333	85
98	130	79
29	164	55
127	148	42
19	77	14
51	310	80
229	337	82
277	408	69
199	242	46
271	274	35
137	418	51
106	351	5
294	395	44
109	296	63
153	323	7
144	306	66
427	470	85
8	232	29
215	278	21
18	350	63
37	242	11
46	219	25
147	318	47
50	138	81
262	498	76
234	285	28
287	439	50
244	261	23
110	199	14
210	245	62
18	281	60
232	396	39
30	307	28
158	303	87
166	180	60
298	340	12
139	228	70
91	489	16
152	225	45
184	495	84
119	372	5
241	336	15
24	119	87
16	473	1
57	208	92
138	207	80
115	432	20
25	197	50
74	371	92
165	465	74
103	415	58
317	419	31
254	317	41
286	485	18
278	436	59
114	212	78
229	234	70
127	438	76
332	432	84
29	247	64
91	394	6
464	484	77
23	466	45
8	460	51
233	477	25
49	498	18
53	386	15
98	369	52
95	339	50
194	229	31
80	428	39
47	357	39
132	300	9
308	387	2
105	229	62
371	477	97
63	156	27
76	487	43
281	333	33
114	142	96
59	365	58
439	498	90
41	400	83
165	258	24
35	41	60
89	247	30
8	377	29
39	235	5
14	462	22
213	270	61
98	210	75
12	465	60
152	192	60
58	138	17
232	343	73
129	396	28
366	383	36
375	419	51
128	153	43
25	452	98
84	490	86
165	336	67
202	218	67
268	269	44
144	340	76
320	446	42
239	376	25
136	300	11
258	342	10
5	389	38
140	332	81
111	172	95
212	275	36
159	463	95
143	292	80
49	172	82
236	318	20
153	451	61
28	253	22
343	367	7
314	344	75
163	358	74
96	471	88
97	331	90
290	438	67
157	476	72
205	245	47
303	440	17
273	491	35
217	464	64
146	186	80
70	437	91
249	363	19
86	148	91
66	211	7
255	468	58
294	474	38
41	369	21
192	445	8
6	134	26
341	374	29
60	487	73
49	404	75
22	102	55
26	135	31
276	396	14
27	280	90
13	379	58
46	216	42
251	330	89
22	382	43
5	198	84
385	439	62
294	374	30
192	238	45
180	405	1
203	275	67
264	439	5
323	441	19
239	400	5
72	285	13
76	199	90
455	468	97
87	495	84
158	207	34
43	355	78
45	407	73
28	47	71
243	492	68
266	431	72
276	473	52
18	145	98
44	363	52
4	325	35
175	496	68
45	186	63
245	396	44
362	399	98
358	416	15
73	464	7
70	474	13
7	322	69
273	384	3
31	203	15
156	198	4
265	270	54
151	225	89
398	463	4
228	320	99
47	285	90
15	231	99
252	411	30
76	151	35
97	133	98
113	271	22
277	477	34
294	384	73
117	267	44
225	255	30
389	395	49
15	45	81
82	254	66
185	189	38
432	470	63
76	339	86
290	436	80
285	372	18
302	373	46
47	135	58
135	208	27
27	310	91
130	342	57
131	292	88
274	341	10
103	491	100
128	252	33
95	377	73
162	272	82
215	348	64
59	369	68
72	230	87
78	435	91
298	304	59
143	381	33
475	479	93
333	473	38
228	423	74
133	423	77
48	325	46
21	465	41
95	270	6
180	287	79
108	168	33
63	464	17
406	430	65
148	161	13
294	297	93
24	349	37
241	369	65
154	402	36
129	444	75
386	470	7
170	219	13
132	363	80
279	319	34
151	358	97
133	207	91
208	324	45
30	250	59
88	478	64
109	249	72
91	373	69
128	290	1
308	452	86
57	77	86
111	485	43
94	255	28
443	444	70
269	495	91
33	367	13
192	273	95
37	289	15
97	298	39
137	366	84
205	256	68
264	289	39
266	342	67
40	308	19
100	277	40
161	318	59
13	137	84
185	369	94
183	323	56
6	25	58
130	336	48
32	174	59
145	301	21
16	314	77
36	199	54
272	435	27
128	287	33
221	431	17
192	329	11
314	338	36
121	353	88
227	398	80
51	99	22
229	301	48
261	450	26
126	435	19
47	429	37
117	266	45
26	31	68
25	332	8
28	88	67
210	297	62
106	123	76
47	107	14
120	353	14
291	390	36
9	390	38
78	216	86
29	358	85
23	275	36
177	488	53
374	480	9
160	371	10
328	365	35
199	347	21
33	303	75
86	219	12
34	80	21
118	223	40
42	236	96
63	327	3
170	186	85
346	428	77
408	440	28
257	366	83
219	294	78
123	373	59
27	300	43
156	255	67
182	238	39
39	416	88
394	474	79
138	383	14
277	390	1
84	158	48
7	188	52
78	497	32
143	296	81
15	422	19
154	292	16
285	328	31
488	489	74
14	473	12
36	86	95
5	182	54
357	452	63
426	487	35
105	185	11
289	352	30
78	141	94
116	162	86
47	89	93
62	72	90
63	184	34
38	68	12
143	455	4
280	298	60
312	316	10
85	218	74
273	314	62
133	181	14
473	475	12
305	392	75
42	397	81
120	357	58
442	447	18
18	340	30
253	334	42
339	497	11
251	471	22
248	295	33
23	176	69
95	394	42
151	371	33
186	482	20
124	248	74
28	193	33
274	284	4
55	338	18
242	344	77
48	103	62
6	71	90
1	173	56
180	294	21
86	262	83
249	469	72
465	485	58
95	179	69
190	500	28
240	431	35
305	454	83
79	405	44
112	451	94
277	409	19
188	301	8
134	292	53
109	275	85
252	481	40
460	473	5
130	474	32
105	162	77
254	405	9
60	460	94
322	441	74
120	459	99
2	309	73
311	428	5
200	488	13
394	443	69
33	122	48
345	364	42
134	160	7
405	419	90
20	380	45
37	375	22
66	157	91
317	352	16
305	425	86
53	383	65
76	159	25
2	407	5
166	458	34
391	425	29
414	491	19
97	386	8
3	421	30
47	327	55
159	483	58
186	291	99
128	454	87
3	256	2
287	399	76
307	468	36
364	403	69
212	431	59
234	471	93
22	440	35
28	243	88
282	393	32
263	421	69
294	382	4
31	91	25
107	459	83
143	290	95
276	330	25
271	332	4
26	299	8
77	135	67
62	435	69
4	7	5
33	405	18
48	417	17
261	369	42
60	333	4
280	491	94
131	313	2
272	369	1
214	245	74
115	261	91
217	319	99
329	353	91
231	434	20
105	181	25
47	169	62
404	416	83
34	62	29
198	494	93
263	359	59
221	350	72
110	384	74
318	325	95
384	411	22
246	364	87
1	419	59
261	295	41
190	405	56
67	252	7
369	440	33
264	332	19
173	336	42
242	320	26
82	431	62
381	441	93
147	447	44
169	469	63
234	338	15
100	373	71
217	443	40
62	458	80
81	379	38
286	375	34
42	357	97
1	132	79
340	481	30
40	438	34
113	301	98
3	30	95
389	424	21
43	350	87
22	295	35
178	407	82
258	267	59
297	498	20
109	164	28
132	260	9
235	324	28
168	256	22
146	475	73
180	315	81
77	449	7
101	144	66
166	365	13
54	271	8
91	431	34
314	402	36
405	423	32
311	472	94
228	429	57
174	277	62
35	441	90
57	482	2
154	171	43
333	488	37
268	449	70
86	90	3
315	434	71
141	430	97
163	439	81
288	441	1
12	17	64
206	484	4
75	382	27
374	394	76
189	246	10
66	260	47
343	478	33
176	237	36
68	173	23
82	111	70
83	279	77
34	333	53
172	392	7
324	353	54
12	68	21
39	497	36
62	375	49
206	366	8
5	322	37
26	336	95
220	406	17
303	437	7
124	141	76
353	482	13
188	485	77
9	131	45
211	397	81
363	435	15
159	352	37
54	55	58
270	379	54
235	495	64
107	472	87
14	190	38
140	407	3
334	500	30
64	88	1
66	333	22
351	362	2
54	401	79
186	440	65
199	289	84
409	490	9
145	421	20
89	369	65
377	494	67
4	144	95
127	336	46
21	381	46
195	466	73
63	446	63
25	102	87
347	468	31
53	116	42
162	370	74
178	462	56
245	434	97
233	246	89
279	294	46
45	421	47
119	420	46
130	200	84
322	419	82
76	137	70
18	313	48
19	76	92
149	346	17
189	446	36
450	499	68
110	354	50
154	166	77
219	424	32
73	92	30
166	236	2
155	396	24
91	319	60
56	422	57
89	278	22
141	374	89
109	187	87
244	478	84
336	426	5
63	387	51
87	473	62
170	248	100
139	236	61
190	367	89
276	369	92
136	242	76
37	60	40
3	467	68
80	180	30
429	455	95
32	160	43
88	305	54
119	342	32
120	415	47
260	369	70
66	312	22
289	460	77
174	410	16
221	309	17
83	212	7
317	368	43
127	468	93
82	479	21
41	235	58
157	398	19
200	335	11
63	489	60
80	239	93
278	411	28
320	348	43
385	456	81
27	312	88
1	452	7
273	431	77
205	425	26
212	233	27
115	197	92
140	401	100
195	386	73
255	272	58
58	434	76
38	312	67
407	487	31
266	270	33
56	370	20
129	327	60
124	269	88
164	282	67
473	486	36
38	123	51
235	466	92
61	496	14
93	445	92
115	404	76
223	431	91
9	480	31
144	221	27
71	85	44
293	471	43
35	57	77
211	432	21
208	354	72
14	95	52
118	209	52
134	297	68
370	398	83
84	486	86
225	230	18
226	484	99
72	213	89
305	442	62
5	103	31
86	242	6
157	337	7
81	296	94
68	343	85
276	454	100
147	167	91
164	472	53
260	500	60
132	154	72
245	340	37
125	336	32
28	170	15
185	474	84
373	478	93
422	496	45
94	374	98
205	337	90
334	375	19
110	451	75
310	413	4
238	331	86
371	487	71
76	220	98
181	239	65
445	476	65
32	311	68
255	325	57
210	481	52
117	235	75
348	488	33
16	309	69
293	357	26
259	360	70
20	187	8
74	315	77
74	282	53
135	196	89
277	434	23
54	293	56
74	269	68
56	303	69
362	450	13
97	306	42
45	348	86
62	464	81
391	470	2
189	213	57
135	234	57
359	370	21
37	152	20
67	167	22
359	459	88
279	338	71
247	249	40
89	112	85
48	178	65
28	121	67
371	451	5
115	217	45
281	441	59
125	217	56
329	364	6
190	202	87
189	291	66
429	452	63
106	169	34
150	460	43
150	294	1
120	402	39
246	484	65
112	339	69
282	469	20
40	174	26
363	381	52
126	242	25
251	435	30
110	192	74
163	322	98
228	341	73
347	437	25
77	181	99
144	345	84
419	435	38
57	87	14
151	270	22
323	363	100
118	270	90
366	427	6
397	450	79
169	488	99
172	487	82
399	473	17
210	253	49
89	488	10
195	427	84
6	436	74
291	458	65
84	454	22
70	295	93
382	432	70
140	317	16
13	472	25
333	408	4
66	330	71
346	452	66
291	340	100
25	156	88
143	453	73
280	379	93
79	449	92
234	495	14
140	166	14
367	463	69
195	440	100
106	463	97
145	153	11
97	120	42
65	201	74
256	321	35
279	457	45
146	183	94
444	477	71
34	243	95
133	242	79
10	114	82
237	449	62
89	373	25
34	368	76
32	256	40
247	313	89
23	366	57
179	268	40
122	317	35
226	400	80
176	443	91
153	373	28
202	464	78
123	410	93
59	104	44
235	442	57
140	431	68
279	417	97
294	484	17
180	237	16
13	188	33
93	97	17
447	459	65
44	103	25
269	406	81
264	318	20
225	229	17
452	492	96
270	480	71
78	437	30
342	453	86
177	178	58
393	498	78
302	337	16
409	413	56
252	467	88
308	377	66
362	485	90
152	188	81
58	224	24
174	206	70
141	447	43
318	469	24
240	306	76
61	378	42
166	495	44
233	268	8
317	495	46
194	323	63
256	312	68
50	368	35
72	393	94
302	308	80
36	388	61
199	396	83
10	128	51
256	371	93
150	177	68
240	393	81
284	479	86
204	399	63
338	391	7
95	201	13
54	117	40
102	319	32
277	466	9
164	424	31
77	87	42
400	413	65
121	251	54
11	313	3
228	500	64
21	398	75
370	492	72
134	377	29
468	479	8
95	497	70
109	430	17
323	422	98
25	263	82
121	167	4
12	86	58
54	420	71
129	266	80
297	349	72
175	214	67
9	266	78
344	362	11
84	266	31
131	277	9
101	330	57
79	132	35
8	166	2
39	120	15
283	338	52
224	266	71
103	401	5
69	170	15
76	228	43
115	378	90
137	446	72
276	353	98
240	448	42
64	292	31
71	125	50
56	426	29
201	337	70
207	388	62
104	249	95
315	372	62
185	329	59
176	389	43
47	442	13
84	234	74
99	416	98
319	443	40
7	237	75
130	451	19
346	499	82
349	363	68
76	77	9
213	399	27
41	163	10
54	480	56
263	419	82
362	414	15
269	485	18
91	291	87
76	391	58
96	492	90
31	341	53
360	463	85
260	341	98
51	330	90
252	269	59
240	341	13
405	415	6
91	311	73
102	181	66
167	495	43
163	428	5
250	326	90
107	494	100
212	491	8
22	234	35
41	72	75
52	284	2
230	405	31
276	491	16
86	302	66
377	462	29
87	110	25
295	321	9
140	281	50
182	187	21
152	388	22
139	230	6
163	379	68
192	393	87
284	491	53
31	328	2
198	483	12
67	148	74
106	387	77
59	118	29
329	367	92
342	374	30
267	274	22
44	461	92
52	382	19
229	243	91
207	276	36
43	143	75
176	382	82
42	241	94
7	412	83
202	421	64
186	315	42
187	380	8
120	364	40
115	123	99
372	440	65
289	414	9
256	477	91
78	233	45
339	496	6
386	442	31
50	320	40
282	296	5
437	444	13
93	150	27
48	114	90
100	474	57
21	397	65
169	383	32
79	337	78
224	442	68
30	240	68
23	137	94
100	182	92
179	400	67
208	214	46
34	462	41
46	300	33
83	394	27
74	441	5
30	375	20
54	425	18
172	375	12
256	421	77
70	417	65
92	119	96
192	407	75
123	420	83
178	188	61
97	173	39
118	250	98
156	463	59
8	405	26
41	177	29
41	277	34
193	348	66
313	407	84
232	452	60
357	366	15
163	422	82
238	464	92
85	335	54
170	352	52
301	302	89
61	490	21
161	331	74
170	173	44
338	369	42
169	217	43
283	486	90
110	434	38
179	401	16
393	497	13
359	429	30
100	212	40
53	166	82
122	377	76
196	329	94
32	76	48
386	395	20
153	362	38
76	226	30
285	307	63
291	359	61
85	490	67
111	200	31
245	370	85
348	497	62
39	226	7
58	409	33
114	434	52
222	322	34
6	439	25
33	497	12
123	428	90
309	494	86
45	196	20
80	292	92
234	297	36
171	405	49
399	498	15
164	343	30
40	441	38
173	194	77
57	149	62
171	238	25
451	455	2
171	361	68
58	328	72
236	371	47
117	460	60
65	93	60
363	389	73
107	370	91
135	329	32
390	469	51
124	152	59
100	447	72
4	276	8
49	397	63
152	380	85
235	255	38
219	492	65
85	455	63
87	362	55
183	477	30
432	441	65
140	436	40
299	353	67
61	254	83
61	252	25
273	302	89
27	67	94
46	55	12
438	447	98
333	479	76
201	326	59
61	213	60
231	360	5
193	473	47
222	485	6
32	132	14
242	285	63
153	426	9
176	245	30
29	347	22
62	278	100
78	452	26
264	492	37
194	276	16
8	108	51
6	383	16
69	241	16
2	61	70
88	454	25
9	484	37
74	117	88
11	463	87
359	419	35
312	409	22
186	206	16
79	461	55
206	447	78
221	486	73
285	354	9
227	377	82
303	409	95
206	360	92
185	209	78
184	290	71
136	285	76
90	255	1
175	450	65
193	412	28
35	311	43
228	372	56
238	444	2
272	424	53
239	296	50
353	394	26
312	315	61
67	464	32
200	336	69
21	44	35
82	385	60
25	457	67
152	358	75
16	245	17
1	315	39
219	350	45
9	12	24
27	281	68
88	370	4
101	237	73
271	369	68
55	215	91
54	485	39
130	271	58
79	393	94
84	248	62
260	265	49
171	384	55
187	417	57
85	375	81
16	398	30
251	475	36
74	401	69
410	457	69
5	191	60
288	382	18
24	278	43
208	319	29
205	235	64
214	343	95
173	363	3
4	165	20
201	306	44
302	355	96
167	491	33
77	251	16
314	318	21
256	425	52
34	473	7
188	340	79
115	414	67
32	312	52
171	279	95
197	227	51
115	457	9
168	211	63
308	376	15
2	71	58
142	287	11
165	355	24
3	4	45
218	228	63
167	264	23
195	262	45
438	469	22
165	337	35
133	493	65
163	483	11
246	469	94
236	447	52
20	405	42
117	372	81
67	80	3
317	493	74
137	336	66
317	435	42
188	367	31
41	257	91
29	281	62
348	352	89
148	478	65
63	377	36
92	219	98
61	321	80
350	497	79
391	490	39
56	245	13
94	465	100
23	50	63
162	336	49
270	378	24
14	323	34
109	212	57
47	230	45
148	345	72
15	341	58
217	444	30
145	221	81
20	378	5
127	243	65
382	434	86
23	157	83
24	180	51
8	351	54
21	376	48
139	263	67
265	487	90
174	333	84
122	283	89
172	223	96
134	298	56
234	496	33
139	207	6
292	420	11
94	287	10
238	455	59
262	381	68
129	211	36
105	142	38
132	460	76
24	38	38
77	234	14
7	200	47
63	304	6
261	269	87
224	242	36
163	440	67
97	134	8
193	232	20
236	356	22
309	486	85
61	380	38
210	496	87
176	192	21
28	326	5
74	495	33
142	347	11
222	437	85
245	318	34
250	346	2
402	471	15
70	226	7
37	275	47
202	445	85
292	331	41
70	142	37
17	406	38
35	399	72
241	274	47
340	499	49
413	435	49
377	454	1
224	403	2
298	371	60
435	468	51
236	482	12
238	430	12
239	421	81
168	326	66
443	460	96
31	357	60
389	476	28
28	114	88
296	416	46
170	370	22
16	419	34
11	376	50
348	431	95
225	351	20
138	466	5
162	417	83
10	46	64
9	425	29
314	376	53
33	89	38
295	440	30
12	297	44
97	464	25
394	480	7
37	252	99
286	371	90
229	329	50
122	399	57
215	271	82
236	246	16
38	160	65
6	432	39
130	349	24
250	340	66
303	332	37
267	385	16
121	203	73
349	472	72
205	349	16
196	423	98
335	490	61
124	372	93
48	126	85
480	494	66
125	332	23
33	304	45
158	229	32
84	208	7
307	447	62
89	293	47
57	299	9
210	450	57
44	148	74
67	96	100
342	449	68
150	395	11
207	423	46
277	296	87
193	499	32
75	157	13
8	379	21
150	394	42
235	361	83
200	303	92
6	101	76
195	322	41
184	248	17
173	298	4
58	361	86
355	485	71
89	375	38
117	474	15
256	434	61
173	226	8
17	154	82
192	308	95
157	386	100
255	396	22
17	355	44
16	366	74
30	60	60
38	151	10
114	498	9
322	355	69
