1325
 618
 285
  95
2109
 833
2656
1116
1896
2667
 366
2304
2470
  43
1494
1768
1124
2744
1027
1760
1823
 779
 746
2766
1120
2072
 483
 870
2874
2069
1763
1701
 511
2601
1566
2276
 757
 286
 417
 832
 110
 460
1669
1073
2142
 402
2526
 945
1917
1281
1836
2342
 892
1696
 505
2356
2410
 503
1972
 656
 717
 378
1484
 979
2897
 490
1086
 616
2002
1608
2701
 959
2088
1973
1302
2262
2737
1528
1784
1918
2646
 517
 922
2603
 614
2613
2320
2478
1945
1224
1186
 984
2127
  52
 111
1184
2141
2402
1031
2890
  57
 200
2466
1421
2158
2131
 816
 701
1478
 438
2115
1875
1025
1305
1488
2278
 562
2107
2104
1117
 347
 314
 437
2568
  51
1762
 159
2537
1265
 305
1100
 284
 828
 727
2513
2256
 455
 408
1981
  27
1008
 323
1351
1856
 929
1758
  87
1350
 475
 868
2014
1323
 188
 668
 304
1542
2972
 462
 422
 753
2289
1016
2988
 546
 958
 479
 522
 306
2589
1798
2803
 125
2582
2541
 193
1489
2144
2780
2280
1467
1772
2385
 484
1202
1121
2979
 474
 261
2688
 898
 550
2889
 131
1363
1138
2620
2783
2321
2097
2381
 837
 926
2474
1225
 313
 811
1887
  38
1954
2678
 391
2269
2259
 918
2925
2910
2296
2211
 647
 905
 677
 674
1751
2904
2777
 461
2133
 845
 789
1602
2285
1645
 646
2054
 574
2257
2789
2000
2971
 372
2641
 565
1653
 572
1870
 135
2283
 428
 925
2077
2858
 148
2853
1980
2918
2577
 289
 555
1399
1630
 704
1538
1506
2009
2018
2681
1576
 567
2081
2376
1032
1483
 969
2268
 885
1848
1594
 584
1137
2484
2035
2625
2437
1196
 278
  66
 835
2664
1144
 309
2093
1607
1021
1831
1543
1326
2234
1502
1217
 291
 834
 813
 100
1287
2272
1578
 921
1277
2629
 142
2492
2845
1561
 453
2335
2036
1521
2215
1095
2255
1380
 697
 882
2880
 793
 978
1632
 489
2332
2237
2558
2659
2878
 849
  97
1456
2900
2143
 375
1865
2102
 648
2634
1344
2340
1670
2529
1503
2793
1908
1926
1361
 766
1269
 728
2887
 552
1622
1111
2609
 192
1076
1787
2895
1517
1062
 497
2247
1084
1523
  59
 529
1806
2743
1604
1152
 147
 561
1359
1171
1509
1349
1246
1394
  96
 119
2884
1982
1210
1379
2591
1776
1071
1931
2787
 915
  13
2441
 109
 167
 361
2682
2694
1388
2670
1207
 117
   4
 941
1319
2602
 557
 830
 382
2896
1381
 737
2250
 716
1938
2426
2148
   5
2483
2964
 407
2751
  80
 473
1189
1753
 521
  10
 485
1082
2933
1862
 571
2288
1541
1832
1066
1627
1971
1593
 788
 723
2055
2138
 865
1898
 413
 787
1824
1362
1714
1017
 197
 932
1416
2440
2567
1318
 472
 515
1211
1637
 195
2686
 730
2112
 635
2165
2714
 604
 896
 738
2171
1247
2496
1842
1011
1661
1694
1689
1285
2563
1000
 272
 171
1807
1589
2241
 377
 240
1662
1133
2520
 786
 637
2090
1967
1780
 213
1110
 749
1424
1248
2819
1615
1339
 333
1382
 875
2078
2015
 598
2415
2167
1042
1237
1226
1849
2587
 212
 161
 509
1629
 456
1579
 628
1515
2837
2811
1261
1393
1289
1635
1081
 588
1426
1799
2218
 698
1338
2070
 215
 855
1220
1392
 222
1764
1386
2592
2510
1139
 325
1200
 443
  55
2010
 298
2386
1755
1293
1427
 319
1857
2076
2488
2717
 785
2952
1958
2961
1668
2089
 880
1646
1557
2916
2950
2011
1136
 207
 800
 295
1331
 274
 277
1815
 634
2723
 771
 642
1493
2630
 626
 248
1953
 320
1113
1957
1690
 451
2368
 931
1425
2861
2281
2912
 279
 172
1057
2427
 512
2164
1582
 302
 705
1890
 804
1544
 145
 401
 814
1462
2327
1715
2502
2826
2178
 499
 321
 441
2660
 747
2157
1065
 673
1845
 182
 910
1553
2957
1049
 844
1473
1964
 627
2627
 732
1695
1522
  45
2405
1919
 506
1123
2166
 324
2555
 150
1172
1797
 759
 610
1142
2231
1040
1915
  60
 774
 312
1471
2993
2901
 783
2953
1259
 356
1185
1157
2172
 218
 914
1089
2177
2748
2214
 322
2357
 782
1492
2465
1317
1335
  81
2267
1757
 681
2126
 162
1555
 537
 569
 336
1520
1732
2359
 920
2047
1524
2970
2539
1292
  21
1709
 734
1802
2404
2856
2159
1048
1303
 457
 476
2542
 411
  91
 687
1059
2944
1037
2873
2530
  11
1396
2516
1501
2969
 149
1660
2585
1571
 539
 778
 299
 840
1274
 640
2500
2882
2277
1853
 101
 718
2454
2375
 657
1699
 750
 654
1346
1671
 498
  85
 843
2934
1826
1546
 389
1154
1840
2865
1529
 825
 977
 452
1789
1389
2153
1742
 957
 962
 902
1910
1477
1054
 392
2338
2040
2339
1664
 974
1861
1457
2003
2617
 558
 379
 204
2264
1233
1155
1556
 919
 981
2468
2365
1575
2875
1383
1245
 294
1300
1912
1485
1708
2294
1586
2854
2122
 650
 531
2762
1105
  34
2692
1984
1271
2316
1216
2932
2491
2458
2389
2805
2797
2074
1010
2044
 578
2559
 140
 936
2377
 863
2512
 139
1481
  26
 203
2653
2899
2282
2939
2260
2005
1991
  84
 613
2322
2344
1227
  92
1148
1181
2459
 724
  33
  40
1706
2012
1927
2962
 454
1673
 196
1675
2631
2205
1291
2938
1047
1360
1222
 337
1526
1644
1748
 317
1597
1119
2391
2593
2511
1458
1167
 429
 812
1599
2828
 146
2557
2469
 104
1610
1099
 801
1143
1376
1240
 315
2422
2877
 468
1850
2284
1491
2409
 501
 495
2495
 972
 116
1321
 327
 592
 128
1262
  77
 132
 762
2111
2849
1453
 676
2945
2433
 342
1977
1710
 191
1190
2449
 130
1460
 764
2139
1818
 587
2450
 388
2677
2448
 953
1852
 152
2279
 703
   6
 763
2675
  78
2703
1254
2420
1272
1067
 316
1975
 649
 971
 394
 872
1249
2902
1692
  42
1621
1454
1554
2452
 803
2155
2698
 227
 166
2087
2752
 765
 508
1342
2318
1337
1652
 502
 874
2311
1830
2329
 967
 912
 481
1995
2885
2960
1263
 781
 595
1724
1611
1511
2927
2045
1603
2850
1550
1659
  68
1516
1429
2812
1074
 975
 367
2696
  29
 693
 907
2301
1536
2399
 482
2066
 594
2442
2995
 252
2334
 165
1654
2364
1923
2981
 137
1441
 671
1750
 809
 805
 694
2481
1018
1702
  23
2531
2649
1140
1682
1735
2697
1633
2056
2863
 857
2915
1410
1774
2977
2651
2921
 528
2581
1998
 935
 293
 952
 858
2254
  86
1666
1700
 458
2847
1164
 722
1855
 911
 296
2201
 760
2473
2179
 208
2710
  67
1587
 817
1569
2453
  31
 954
1665
 707
2192
1914
1437
 947
2654
1435
 741
1505
2383
1533
2638
2553
1106
1213
1771
2669
 755
 720
1747
2760
1447
2091
1175
2758
2092
1412
1613
3000
1930
2781
 292
1309
1203
 846
2749
2191
1406
1009
1415
2114
1877
 273
 412
2549
1993
1936
2806
1060
2046
2990
1035
1122
1075
 810
2857
1859
1004
1012
2662
 790
2733
 105
 115
1013
1985
2948
2242
2397
1112
 600
1685
 255
1549
 519
 532
1115
2067
 543
 380
1893
 944
 329
2403
2346
 916
1166
 564
2106
 271
 599
2064
 659
2986
1177
1761
1093
2583
1015
 436
1268
2319
2618
 526
2493
1962
 187
 445
2027
 924
 670
1419
1817
2098
1332
2154
2614
2719
 311
2022
1976
1717
2370
2796
 839
2547
1740
 821
1781
1728
2615
2552
 663
2068
1311
 624
2687
1135
1649
1712
2606
  39
2722
2726
2006
1697
2150
1880
2827
 645
1354
 869
1871
 851
2380
1564
2514
1145
1114
2245
 164
1752
2840
2130
1770
1482
2917
2632
1703
 330
2543
1988
1266
1769
 267
2230
 976
2636
1400
2398
 685
 573
 658
 141
1527
 393
 114
 751
1046
2936
2373
1929
 365
 260
 731
1744
1440
2390
2287
2963
2489
2894
2207
2345
 822
 163
2869
1548
 419
 733
2485
 138
1239
1508
1727
2920
1810
2522
1667
1716
 994
 652
1986
1090
1364
2378
2190
1876
2801
2867
2464
2668
  49
2619
2400
2776
1894
2295
 341
 112
1165
1439
2941
2538
  48
2843
1315
 554
 426
2708
1296
 620
1214
2362
2598
2848
 471
2497
2293
 666
2833
1182
2052
 425
1094
 547
1020
 390
  30
1570
2674
2790
 597
2546
1643
1994
2565
2947
2745
 420
2576
2753
2946
1713
1843
1721
1499
1725
2100
 176
2886
2297
1370
1413
1628
1320
2456
2754
 662
 856
2382
1418
 607
2086
 884
 745
1480
2992
2447
2085
2467
2676
1256
1127
1401
 169
1234
2967
 364
2302
2817
1312
1601
 350
 236
1636
1150
 725
  88
 988
2147
 556
2505
  14
1736
2626
 201
1888
1775
2820
 612
2913
1284
2163
2232
  46
2435
1422
 615
 711
1941
2515
2569
1433
 989
 416
2998
1679
1036
 823
1844
1513
2354
1996
 108
2761
1532
2740
 568
2879
1822
 930
 427
 263
 216
1438
1324
2051
 553
2984
1825
 879
2893
 742
 576
1756
 224
2755
 338
  74
1128
1530
2349
 370
2663
2739
2738
 326
2170
1414
2864
2942
2985
2741
1754
2822
 486
1430
2621
 542
1314
 590
 183
2935
 743
2642
1592
2401
1573
1620
1588
2325
2351
1969
2366
2680
  90
1539
2073
1450
 878
1720
 406
 939
1614
2991
2082
2352
1153
1160
1730
1179
2756
2307
 470
 123
2343
1535
2202
1946
2271
2648
1707
2350
 232
 827
 942
2355
2101
1007
1336
 609
 758
1565
1316
2807
 611
 963
 672
 900
 430
 246
1345
1367
2110
 748
 155
1738
 824
 459
2194
2451
2586
 854
1885
  37
1920
 494
1559
2128
 973
 684
  36
1479
 190
1718
1626
1837
 560
1841
1638
2333
2742
1634
2732
2258
1405
 802
2564
1465
 566
1678
 831
 964
2019
2270
1130
1948
2930
1965
 688
2533
 199
2305
 752
2996
2239
1092
 585
2249
 102
2200
1950
1180
2906
2844
1204
 268
 275
2173
 605
1205
  28
 949
1749
2685
1264
1464
2001
2414
 253
1625
 348
1939
2958
2799
1684
  61
2314
2795
 655
2317
1466
2168
 661
1773
 806
 153
2572
1276
1803
1655
1223
2816
 465
  99
 387
 186
 740
2261
1301
 369
 432
 287
 352
1648
 852
1469
  82
 151
2477
1244
 449
1860
2973
1867
2176
 280
1745
2455
1436
2891
 496
1618
 606
1038
2683
 903
2594
2561
1560
 245
 143
 621
2954
2824
1231
1298
 103
 791
1737
2392
1767
1510
 126
2729
2313
 339
 331
1978
2778
1916
 867
1372
1952
1397
 966
2704
1943
 500
2263
2518
2095
 194
 904
1819
1215
2573
2244
2149
 133
1905
1463
2075
2791
1348
 184
1102
 251
 343
2503
1567
 948
2767
 696
1174
1812
 234
1864
1039
2160
 160
 917
2785
1212
1892
1131
1087
1624
1178
2905
2183
 689
2043
2065
2472
 549
2716
  17
2956
2690
1063
 121
1585
1026
2866
 175
 229
 230
2501
2396
1829
1901
 756
 421
1925
2907
 583
1869
2851
1411
 154
2360
1681
1828
1444
 385
1375
 986
1804
1486
1882
1096
1947
1966
2673
 581
 593
2508
1470
2423
2079
2548
2371
1839
1779
1983
 217
1792
1299
 767
1077
1280
2959
 168
 946
 596
2666
1304
 808
1951
1796
2883
1288
2243
2108
 871
2379
2224
2071
2734
2008
2116
1816
2226
2871
1055
1674
1187
1199
  94
 792
 540
 996
2222
 410
 559
 888
 403
1663
2846
  47
 726
1472
2506
1468
1198
   7
1442
2208
 374
2475
 651
1514
 794
2240
1206
1563
2025
2136
2700
2909
1903
2439
2731
 622
 877
 776
1294
2146
2830
2671
1023
2735
  44
1726
 134
1404
2487
 381
1609
1827
 360
 180
1507
2908
1551
1793
2033
1091
 510
1279
1495
 695
 231
 290
2424
 238
1518
1924
 266
 665
2197
2645
2829
1384
1134
1907
 862
1275
 943
1322
 991
2206
1163
2721
 913
 682
 669
1368
 448
2509
2644
1006
1459
2494
1475
 358
1327
 487
 591
 639
  76
 202
2238
1270
1723
 181
2336
2326
1878
1997
2623
 450
1580
2978
2691
1899
1932
 570
1129
 513
1443
2980
1019
1846
 906
2695
 467
 927
1959
 400
 736
 434
2049
 780
 797
2210
 623
2162
 351
2989
 775
1445
  19
1911
 328
 210
 769
2412
2308
 396
1686
1866
1297
 157
1935
 536
1605
2832
2418
1258
1711
2919
1050
1070
2923
 887
2471
 300
2119
 444
2436
 891
1838
1598
2203
2431
 713
 861
2394
2940
1937
 575
 545
1434
 993
2715
 440
2528
2898
 838
2712
1238
2771
 439
2965
 721
1795
1423
  64
1487
1250
2303
 340
2809
2551
1590
 982
2300
 514
  98
2775
1158
1552
2544
2536
2315
1647
2665
 288
 798
 551
2922
2929
 799
1801
2928
1863
2689
1417
 601
2835
 901
2647
 544
1949
1759
1188
1252
1369
 242
 376
 796
 524
1808
  15
2182
1282
2868
2595
2199
1874
2417
2540
1786
2870
1109
 254
1961
 940
 678
 221
2367
 463
 860
1897
2707
1260
2616
  62
2713
2235
2273
 488
 617
 702
1884
2099
1854
2217
1420
2711
 478
 850
1377
2042
2841
2608
2709
2124
1310
2120
1558
 842
2020
2768
 608
  65
1104
2788
1974
 346
 893
 951
1334
 548
  32
 983
1992
2026
1921
1889
2213
 386
1814
 881
1990
2253
 533
2554
1909
2831
 433
1584
2862
 679
2855
 334
 829
1357
1879
1835
 357
1788
 424
 525
 466
1278
2562
2324
 729
1034
2881
 270
1002
2951
2299
2672
1741
 435
2140
2588
 680
2658
 129
 256
2838
2655
2914
2196
1743
1999
2444
 965
2650
2113
2792
1402
1255
1719
2764
 418
 237
 335
2151
1734
2189
 223
2607
2639
1777
1333
 447
2999
  71
2028
1208
2600
 124
2612
1391
2596
 211
2129
2181
  54
2219
 899
2684
2407
2974
1778
2017
 399
1253
2657
 523
 848
2175
1881
  63
2736
2193
2679
1378
2931
 233
1235
1356
 332
 708
 276
 690
2535
 603
 283
 841
2031
1197
  70
  73
1461
2460
2968
2347
 209
2782
2661
 586
  69
2570
2416
 107
2438
1043
2195
2275
2029
1540
 113
 122
 897
2419
1193
2525
2252
1619
 807
1691
2476
2994
2125
1616
1192
1366
 477
1183
2216
1987
1168
 997
 226
1079
2810
1705
1101
1922
1431
2759
1107
2135
1672
2228
 933
2209
 307
2212
2903
2769
2852
1343
1132
1085
1056
 683
2757
 653
 318
 368
 446
2323
2720
1014
2987
2579
1083
1286
2747
 641
2605
2084
1906
1490
 664
 710
1895
2507
2926
1072
1159
2746
 777
1944
 643
1693
1029
2574
 876
2204
 563
 873
2699
1330
2118
2058
1658
1650
1640
1041
1098
 795
2640
1064
1267
1474
 675
 250
 535
2421
2578
1504
 928
2550
   8
 527
1497
2534
 118
2358
1956
2306
1162
 158
2770
2524
2041
1273
2353
2341
 667
1581
2236
2393
2061
1052
1883
1352
1868
1005
1241
   9
 883
 431
 516
 518
 442
 619
1126
 815
 754
 706
1500
  83
 219
1097
1631
1170
2292
1156
1498
1766
 629
1782
2174
2763
2624
 228
1785
1928
1218
2479
1161
1765
1030
2388
 282
1432
 244
1195
 262
2523
2888
1409
1902
2425
2804
1683
2024
 582
2504
1642
1651
1873
2482
1141
2428
 179
 507
1496
2814
2330
 395
 373
2094
2063
 937
2184
 349
1940
 258
2432
1295
 820
 491
 980
1525
2312
1353
 504
 770
1451
  75
2876
 156
  35
2060
 894
 961
1080
2034
2161
2227
2836
 281
 409
1934
2955
2123
2628
   2
 715
1562
 633
1688
1746
1044
 712
   1
2145
 170
2457
 630
1519
 784
 990
2187
  56
2815
1069
2233
  41
 625
 214
1149
1371
 178
 761
 405
2808
1790
  53
2348
2137
1656
2521
 383
2080
2016
2580
 826
2408
 985
 660
2794
2802
1731
1051
2053
2859
1851
2611
2706
  12
2152
2643
2498
1232
1078
1623
 530
1398
2328
 269
 960
1800
 895
2103
1657
2718
 259
2560
 636
1365
1403
1201
 819
 773
 836
 699
2911
2121
2446
1001
2966
 177
2434
1058
2975
1045
 995
2590
1968
2821
2013
1146
1704
 538
 992
1452
1537
1698
1387
2337
 220
2188
 480
1595
  50
2023
1341
1531
1283
2937
 206
1596
1308
2584
 247
2462
1739
 956
  25
1989
1306
2490
  93
2331
2229
2430
 225
1639
 714
2169
2705
 589
1024
1933
1783
1568
1307
2395
1942
1891
1979
2779
2445
2429
2038
1125
 692
2575
1176
2702
2463
2599
 423
1572
2622
 631
 908
2480
 345
2062
 464
2180
 938
2839
 534
2597
2943
2246
 818
2369
  58
  24
1061
 719
2800
1583
 144
2813
1194
1103
1068
2730
2635
1545
1147
2057
1173
2825
1053
  22
2309
1446
 136
 398
1347
2571
1449
2132
1408
 310
2924
2186
2004
 847
2363
  18
 303
 205
2786
2134
2374
1872
2290
1547
2156
1219
2310
1886
1617
1858
 493
1455
1088
1358
1791
1230
 577
 301
1813
2251
1476
2997
1448
 853
2532
1794
1108
 414
 768
1680
1970
1833
1033
2519
 397
1687
1313
2037
 308
 886
1209
1257
 355
 371
 120
 235
2784
 686
 691
2050
2185
2727
 968
 127
1395
1428
1676
2007
1228
2892
2774
1847
2096
2032
2274
2772
 999
2728
2225
1821
2406
1811
2372
1729
 890
2291
1913
1641
2499
 264
  89
2818
1809
2298
2030
1733
1251
 889
2361
2413
 185
1834
 363
 344
 709
2724
1028
 998
2610
2039
1577
 987
1169
 579
 866
 239
2220
 638
1900
  16
2221
 362
2976
2545
1329
 744
1290
2286
 249
  79
2842
 772
1243
1904
 735
2443
2486
1512
  20
1118
2266
1722
2021
2117
 353
1407
 909
1236
2527
 859
2834
1151
2223
2556
 602
 106
 520
2633
 415
1955
 297
2872
 739
2461
1606
 174
 241
2725
1022
2982
2860
 923
2823
 700
 950
1574
2387
2566
2693
 970
 257
1003
2983
1229
1328
 404
2411
1820
2652
1390
2798
2773
1191
1355
2637
1805
 469
1242
2765
2083
2248
2750
 644
1612
   3
1677
1374
1340
 384
2059
2105
 265
 541
2198
1385
  72
 864
 955
 934
1221
 580
1963
 198
2265
2949
2384
 173
1534
2517
1960
 243
 492
2048
 632
2604
 359
1600
1591
1373
 354
 189
